Current	 Nominal (A)	 Ammeter (A)		 Ohmeter (A)
i_1:	 0.00500		 0.006±0.001 		 0.00500±0.00001 	 Equivalente 
i_0:	 0.01064		 0.011±0.001 		 0.01064±0.00002 	 Equivalente 
i_e:	 0.01564		 0.100±0.001 		 0.01564±0.00003 	 Não equivalente 
