Current	 Nominal (A)	 Ammeter (A)		 Ohmeter (A)
i_3:	 0.00500		 0.005±0.001 		 0.00500±0.00001 	 Equivalente 
i_0:	 0.00258		 0.003±0.001 		 0.00258±0.00005 	 Equivalente 
i_1:	 0.00258		 0.003±0.001 		 0.00258±0.00002 	 Equivalente 
i_e:	 0.01015		 0.010±0.001 		 0.01015±0.00002 	 Equivalente 
i_2:	 0.00515		 0.005±0.001 		 0.00515±0.00003 	 Equivalente 
